Phyla	R5300_S1	R5301_S2	R5302_S3	R5303_S4	R5304_S5	R5305_S6	R5306_S7	R5307_S8	R5308_S9	R5309_S10	R5310_S11	R5311_S12	R5312_S13	R5313_S14	R5314_S15	R5315_S16	R5316_S17	R5317_S18	R5318_S19	R5319_S20	R5320_S21	R5321_S22	R5322_S23	R5323_S24	R5324_S25	R5325_S26	R5326_S27	R5327_S28	R5328_S29	R5329_S30	R5330_S31	R5331_S32	R5332_S33	R5333_S34	R5334_S35	R5335_S36	R5336_S37	R5337_S38	R5338_S39	R5339_S40	R5340_S41	R5341_S42	R5342_S43	R5343_S44	R5344_S45	R5345_S46	R5346_S47	R5347_S48	R5348_S49	R5349_S1	R5350_S2	R5351_S3	R5352_S4	R5353_S5	R5354_S6	R5355_S7	R5356_S8	R5357_S9	R5358_S10	R5359_S11	R5360_S12	R5361_S13	R5362_S14	R5363_S15	R5364_S16	R5365_S17	R5366_S18	R5367_S19	R5368_S20	R5369_S21	R5370_S22	R5371_S23	R5372_S24	R5373_S25	R5374_S26	R5375_S27	R5376_S28	R5377_S29	R5378_S30	R5379_S31	R5380_S32	R5381_S33	R5382_S34	R5383_S35	R5384_S36	R5385_S37	R5386_S38	R5387_S39	R5388_S40	R5389_S41
Acidobacteria	2204	2499	2378	1632	2444	1767	1900	1947	2319	1567	1375	3147	1712	1968	2233	2255	2460	2122	1767	2447	2489	2090	2048	2352	2945	2391	2393	2443	2327	2970	2527	2231	3033	2099	2739	2150	2252	2597	2994	2161	2812	2835	2494	1959	2845	2908	2248	2118	2880	2671	2389	2453	2704	2633	1989	1919	1014	1715	2835	1928	3011	1163	2006	2208	2800	2357	1924	2279	2468	2807	1939	2545	2298	1050	1612	1329	1791	2607	1643	2660	2253	2478	1990	1856	2512	2823	2686	3065	2879	2026
Actinobacteria	52660	42136	79149	45451	47768	42557	47369	49446	59234	57063	43943	77983	47932	55868	56507	59081	60891	49354	41012	50810	51088	62206	48605	46625	53705	53482	57098	63698	57748	53679	60254	67935	79562	48692	63894	51335	44127	61907	74377	54980	67174	70189	60606	61746	85292	91589	59012	83856	64886	120049	54126	72561	78384	74652	73598	55803	20982	64116	81297	51925	151920	42532	49706	52234	176003	61347	75040	74442	122167	69175	60411	79144	75446	28204	37868	37061	33562	99058	43557	62934	42578	78967	45234	53731	70242	78028	80836	134663	101371	65176
Apicomplexa	11968	14384	17788	4023	7433	6620	8589	8825	4832	2388	36302	4626	58438	3544	13419	5890	16287	22178	3253	32424	23674	14263	5838	13563	9066	53818	15648	4091	18657	2063	2593	6454	5944	49806	6544	4582	36257	28230	3102	7646	24160	2299	10455	28734	5138	26485	5259	14297	86646	5954	16861	5486	2551	4431	14170	26048	5727	2801	3633	10832	9051	39979	13772	9522	1136	1970	61655	6466	5401	19985	2855	3581	8832	6295	17290	15609	2181	4122	22398	2328	21174	3952	8574	1791	4020	2671	4139	2232	5805	18370
Aquificae	427	507	524	322	593	371	430	471	579	271	260	904	353	492	475	450	550	483	347	564	540	373	480	528	701	506	559	533	456	834	549	520	679	408	552	463	450	534	571	428	602	775	468	390	667	655	585	342	617	665	492	508	577	591	367	464	82	299	532	479	598	229	535	379	580	543	453	522	715	557	452	488	425	203	314	267	432	489	372	472	422	679	362	390	436	654	661	701	709	442
Armatimonadetes	363	365	425	317	408	321	398	411	389	343	305	469	374	345	393	434	427	397	291	399	364	404	406	371	468	455	486	391	495	384	460	497	572	368	399	455	334	560	597	440	484	397	495	448	387	583	386	320	372	383	346	380	352	365	296	301	104	339	431	373	498	281	314	369	409	394	341	370	347	412	355	353	336	220	304	282	327	373	347	345	299	392	311	379	414	442	442	465	381	342
Ascomycota	5034	4934	4719	4149	5115	3928	4995	4241	4421	4150	3718	6117	4741	5078	5393	5427	5351	4636	4008	5253	5045	4924	4716	4658	5890	5734	5686	4910	5700	5745	5960	6064	6683	4884	5889	4978	5069	6114	7071	5096	5603	5630	5939	5617	5687	6152	4961	4442	6406	5054	4954	4914	5204	4810	4137	4636	1960	4787	5171	4629	5418	3613	4330	4716	5317	5133	3995	4576	5010	5736	4263	5044	4754	2813	3754	3470	3482	5358	4273	4982	4429	4554	4353	5058	5707	5261	5183	5604	4986	4519
Bacillariophyta	131	123	95	141	98	118	169	112	92	161	159	149	194	202	165	154	122	130	108	149	118	148	164	103	147	172	225	134	225	129	215	209	187	141	126	176	162	258	209	172	171	116	196	192	113	159	157	133	164	102	92	98	99	110	135	125	64	168	92	173	123	184	102	134	138	129	124	95	116	119	113	128	104	113	143	146	39	102	219	90	108	121	125	166	178	121	109	132	116	154
Bacteroidetes	2219412	3054656	3033108	905018	2734763	1429874	1241466	2293876	2998715	1285494	1109333	3837700	1170777	1515012	2087761	2002153	2266041	2380835	2118776	3190067	3323820	2076238	1694529	2752492	3981505	2969476	2065107	2410261	1890738	3753348	2521196	1482059	3387076	2361024	3269220	1971047	2965552	1917215	2871978	1816102	3225715	3760984	2211562	1185373	3487754	3484318	1722170	2423027	2971691	3061629	2592064	2701050	3030611	3117236	3431365	1809637	3732062	808213	3269615	1606950	3192640	745542	1859199	2424213	2818634	2197236	2642889	2384608	2559433	2594203	2717031	2380699	3106567	690675	1587067	1064749	2093727	2840260	942514	3096584	2517095	2610856	1973380	1081067	1685530	2980211	2921728	3912452	3609194	2088011
Balneolaeota	344	487	530	207	516	261	275	371	590	187	196	718	217	261	359	374	435	379	310	474	527	388	370	529	643	443	386	412	384	669	357	321	570	369	502	340	349	338	464	312	613	626	331	195	601	615	392	284	444	564	385	451	534	471	331	362	174	205	543	251	582	160	364	342	512	430	504	468	424	467	433	395	403	155	233	216	372	410	195	488	484	445	251	226	315	569	586	631	594	367
Basidiomycota	2664	3221	2544	2433	3083	1999	2758	2349	2638	2222	1976	3404	2574	2595	2887	3108	2959	2706	2524	3262	2867	2749	2634	2573	3354	3071	2975	2442	3301	3273	3352	3190	3778	2772	3578	2747	3081	3514	4041	2790	2781	2956	3541	2915	3340	3254	2702	2500	3551	2932	3139	2846	3091	2928	2277	2468	947	2285	3176	2426	2833	1900	2324	2829	2963	2620	2053	2727	2624	3353	2418	2837	2793	1494	1811	1856	2175	3253	2312	2944	2502	2786	2475	2890	3330	3060	2944	3340	2991	2484
Blastocladiomycota	139	110	188	93	186	81	107	123	169	99	74	257	113	120	119	119	176	130	110	140	196	120	144	182	244	183	174	103	145	256	152	154	236	115	205	141	124	133	185	106	181	224	162	128	148	227	132	78	152	187	146	180	174	124	68	143	25	67	171	123	177	77	145	144	199	141	213	172	190	155	178	127	96	71	136	76	150	169	75	135	132	172	45	112	119	200	242	203	151	136
Caldiserica	28	21	21	28	37	19	33	31	34	20	41	52	32	32	33	45	43	30	26	35	25	23	25	38	41	32	36	37	32	39	54	44	44	33	42	30	32	54	43	27	32	51	29	14	34	45	37	49	37	51	24	34	44	35	35	29	39	15	25	34	39	21	27	31	29	40	17	24	44	45	30	31	23	14	25	26	18	36	34	18	32	41	25	36	29	32	34	27	52	15
Calditrichaeota	170	182	211	67	121	136	105	117	145	95	78	122	102	83	106	84	108	116	104	130	156	152	106	145	203	186	146	258	168	172	137	122	189	121	131	95	98	107	131	132	288	197	129	93	143	228	110	164	146	147	155	116	182	103	110	109	51	90	161	92	183	71	75	103	207	177	152	99	109	158	118	169	138	57	95	89	79	140	67	200	173	120	143	83	119	143	123	166	154	157
candidate division CPR1	8	15	4	1	2	3	3	5	2	1	2	1	4	1	6	5	2	2	4	8	2	12	4	2	2	6	2	3	4	1	6	7	4	5	2	4	7	4	4	7	8	5	8	5	1	3	0	5	2	0	3	5	3	3	5	1	1	6	1	5	6	11	1	0	2	7	5	4	3	12	3	1	0	4	2	10	2	1	0	4	9	2	3	4	1	0	0	1	3	3
candidate division CPR2	19	28	26	19	11	8	15	10	19	13	23	18	24	18	22	20	10	23	28	30	34	13	19	23	18	24	19	33	13	10	23	17	21	24	25	31	15	25	24	23	14	30	19	16	33	77	14	28	28	7	15	13	20	43	53	20	7	11	49	11	18	11	18	26	31	22	5	12	8	23	10	16	27	5	18	14	20	7	28	10	29	14	11	18	12	21	13	21	38	19
candidate division CPR3	12	7	18	16	7	21	13	6	13	19	13	15	10	20	13	9	12	7	21	12	5	15	10	7	15	12	13	17	8	8	28	33	4	18	8	19	14	12	18	14	13	15	29	17	13	21	18	23	10	7	10	14	6	6	10	9	19	25	25	7	16	14	8	14	14	34	7	8	10	27	8	18	8	6	8	8	6	4	14	10	9	14	11	12	24	17	15	9	13	10
candidate division Hyd24-12	40	52	25	38	27	17	31	29	29	30	28	50	26	22	49	29	47	28	34	52	38	40	32	33	43	39	20	30	41	44	39	44	57	34	53	23	30	38	53	35	32	35	65	47	49	34	33	27	40	41	42	50	38	38	35	35	10	44	46	35	33	19	17	50	54	31	23	44	38	49	35	35	40	19	22	23	26	48	18	55	32	38	21	40	47	52	44	46	42	36
candidate division KD3-62	18	39	18	8	14	11	9	8	8	12	11	12	10	17	19	16	9	18	20	21	13	14	14	9	18	15	18	18	14	11	12	11	21	18	16	10	16	16	19	17	19	17	23	11	20	11	9	10	14	17	21	7	19	10	20	16	8	7	15	10	15	11	10	18	25	10	3	7	13	21	4	23	27	9	14	9	6	27	13	25	19	23	13	11	20	19	16	21	23	19
candidate division NC10	111	69	99	144	107	100	137	108	103	145	84	154	140	165	122	146	144	126	82	98	90	100	120	106	129	105	142	102	166	149	149	185	187	102	143	120	122	189	176	138	123	138	134	141	115	136	124	88	138	109	106	138	136	98	86	130	63	153	92	106	159	79	119	93	83	134	93	139	121	129	93	130	93	74	106	80	106	107	120	107	67	109	99	139	191	167	151	145	127	153
candidate division WOR-3	63	62	55	51	84	42	34	58	63	41	31	117	54	71	74	59	99	53	59	89	58	49	72	75	106	68	66	24	88	112	89	55	80	46	98	63	55	71	90	54	42	66	55	61	89	90	82	36	85	82	44	81	96	63	57	65	23	80	91	65	73	28	71	60	48	82	60	80	95	66	89	64	34	34	48	50	86	85	37	45	56	87	38	52	71	110	113	122	93	67
candidate division WWE3	104	92	111	129	114	91	84	77	144	119	89	193	119	105	116	129	142	113	64	101	112	122	93	126	118	142	139	166	142	164	127	150	166	96	142	105	110	106	123	88	156	186	119	101	130	188	114	147	188	146	98	146	107	100	100	76	50	133	78	93	204	58	99	95	89	182	78	127	128	141	98	144	66	66	104	90	98	85	114	88	107	90	111	108	165	182	140	157	126	125
candidate division Zixibacteria	190	234	232	196	221	180	202	184	192	208	156	248	142	180	232	236	224	256	176	221	202	247	183	200	237	307	230	243	225	213	274	270	282	261	293	205	235	300	304	226	241	239	277	272	282	290	193	231	334	256	236	252	245	268	222	175	97	231	271	209	287	130	172	247	243	237	157	197	200	272	160	276	242	118	162	148	138	213	205	288	188	226	199	199	253	202	184	262	301	199
Candidatus Abawacabacteria	2	12	3	6	2	1	5	7	2	10	3	7	4	4	16	8	1	3	3	6	7	18	2	5	6	11	4	6	10	7	4	2	4	10	9	7	5	7	6	5	7	6	3	0	2	12	4	2	12	6	6	5	5	2	6	6	3	3	8	3	3	6	3	6	2	6	1	2	3	9	2	4	5	6	5	3	2	14	8	8	9	1	9	12	1	2	4	3	8	5
Candidatus Acetothermia	56	51	52	61	55	49	69	34	46	60	46	28	42	38	55	35	41	37	47	51	54	44	54	56	71	47	78	31	68	50	68	68	59	57	71	57	46	88	64	71	56	48	62	83	69	54	67	33	56	51	40	48	54	38	37	44	13	75	41	57	46	39	52	52	47	88	30	47	39	61	25	58	52	37	49	48	37	51	68	44	42	66	37	67	86	45	46	41	47	52
Candidatus Adlerbacteria	10	16	11	11	22	12	18	13	9	12	11	26	14	21	31	31	9	12	17	16	15	9	23	22	9	15	10	17	17	5	17	15	17	18	18	11	19	24	13	18	15	14	21	10	17	32	12	25	24	21	26	11	15	15	41	14	2	15	20	22	10	14	8	26	22	13	10	8	9	31	12	18	15	9	21	13	8	16	21	16	11	11	10	21	10	22	22	12	15	8
Candidatus Amesbacteria	19	19	17	19	30	13	22	24	21	22	21	47	19	33	28	14	22	33	18	12	18	26	31	24	19	29	38	20	43	19	17	31	24	22	23	19	18	36	40	28	36	34	25	21	28	43	38	38	38	21	13	27	15	27	35	20	4	11	17	22	30	10	18	26	32	27	19	25	32	30	13	19	11	8	21	16	12	19	26	15	6	38	26	16	22	26	27	35	43	26
Candidatus Aminicenantes	249	296	340	186	309	216	284	241	299	165	174	317	228	191	252	224	268	265	216	324	368	208	267	330	431	308	296	315	367	407	305	247	460	249	340	254	249	289	386	228	357	450	308	225	362	384	252	209	360	350	272	320	346	346	197	264	112	158	351	237	464	146	244	255	361	336	304	312	287	345	286	299	302	119	190	148	256	316	186	298	297	347	218	218	269	377	337	451	406	268
Candidatus Andersenbacteria	9	6	1	6	11	5	8	4	6	7	5	0	9	8	7	6	2	17	8	6	7	8	12	7	3	10	11	14	18	4	8	10	9	12	7	11	10	24	11	8	9	14	11	8	6	23	4	26	16	9	4	12	2	11	13	9	1	6	6	13	3	11	5	15	17	4	2	3	4	10	4	6	3	2	9	2	6	21	23	6	4	4	10	12	8	6	6	5	6	6
Candidatus Atribacteria	69	52	60	65	69	68	95	66	40	73	54	50	92	86	81	77	50	73	58	61	55	82	70	55	47	67	95	92	69	44	110	98	80	58	47	70	45	127	81	96	88	65	74	88	52	88	63	59	66	47	60	51	47	47	51	38	17	95	44	62	64	46	45	52	57	83	47	50	38	39	45	61	51	46	69	51	26	61	74	54	44	39	58	70	78	63	40	50	46	70
Candidatus Azambacteria	20	12	12	23	22	16	45	31	14	13	13	25	20	13	32	65	21	38	32	11	14	15	24	16	31	29	27	35	26	15	24	40	37	17	25	21	24	26	28	14	32	28	25	15	17	63	15	23	31	21	21	19	30	13	28	16	15	25	24	35	32	25	21	23	20	22	18	19	12	28	16	21	19	14	28	11	20	15	28	19	12	24	22	40	14	17	12	13	14	20
Candidatus Bathyarchaeota	142	76	201	109	94	137	145	116	84	126	95	98	141	154	123	115	116	108	133	77	188	136	132	81	94	142	185	154	182	104	159	212	202	117	119	88	73	154	133	141	160	172	128	132	131	195	138	152	216	118	120	128	112	162	100	94	44	144	132	121	195	132	105	112	130	186	115	114	70	135	125	115	222	79	85	102	64	70	136	132	111	83	98	153	168	109	88	127	86	114
Candidatus Beckwithbacteria	21	14	16	15	22	17	25	28	18	17	12	20	17	20	21	14	27	24	23	22	20	26	36	28	28	21	27	22	16	29	42	29	25	17	12	18	24	23	28	26	33	12	25	30	27	45	11	28	26	30	19	33	41	18	43	22	6	39	20	13	24	13	21	20	32	36	14	20	27	18	17	17	25	16	15	13	20	27	13	30	16	32	19	16	41	22	23	21	29	20
Candidatus Berkelbacteria	84	81	45	47	106	40	64	76	80	46	36	91	36	47	66	59	96	88	63	87	87	51	87	88	103	84	69	72	89	87	105	81	117	50	110	79	79	90	114	56	70	104	61	66	79	142	80	98	102	94	106	106	108	94	111	69	13	69	129	71	86	34	73	96	127	74	53	82	102	105	70	88	74	26	56	50	87	110	87	70	77	96	63	56	75	89	128	126	106	47
Candidatus Blackburnbacteria	6	7	4	5	10	8	10	10	4	14	6	6	12	13	9	28	5	7	3	11	4	9	5	4	6	13	12	15	11	6	14	9	15	7	9	10	7	13	11	9	15	14	15	12	9	16	8	15	6	5	5	7	14	6	15	13	0	10	6	12	7	10	8	8	10	10	4	6	8	9	6	5	5	2	12	9	9	7	8	4	4	6	5	18	8	10	7	10	6	2
Candidatus Buchananbacteria	68	37	87	51	57	57	37	41	56	30	55	57	68	40	51	43	41	49	43	38	60	53	48	31	51	74	74	104	71	42	73	48	87	75	58	45	36	72	47	59	89	89	62	66	30	142	29	99	75	52	42	57	57	45	50	40	35	70	53	32	99	50	18	38	72	44	57	57	43	52	41	46	35	16	34	50	22	39	61	54	54	28	50	39	46	54	36	69	47	74
Candidatus Campbellbacteria	3	8	13	13	5	4	11	0	4	8	0	5	6	6	11	5	5	10	12	2	6	4	4	2	4	7	5	6	6	5	19	5	9	9	6	7	14	7	8	10	8	10	8	6	9	7	2	11	7	7	6	4	3	3	15	4	30	6	2	5	3	2	3	6	5	6	4	8	1	3	2	2	5	2	7	5	3	3	8	3	5	0	11	8	4	2	3	1	7	9
Candidatus Chisholmbacteria	21	5	5	1	11	6	4	12	5	4	5	5	13	8	10	8	6	14	4	5	3	9	14	9	11	11	6	12	19	4	12	17	10	13	8	9	13	12	12	21	13	24	1	2	4	19	4	22	16	2	2	5	2	9	30	4	3	7	3	11	6	5	1	11	16	14	4	4	6	7	8	4	5	8	5	10	4	15	5	3	7	4	13	11	6	6	12	6	9	13
Candidatus Cloacimonetes	216	398	311	180	463	186	250	286	386	162	188	561	235	266	264	318	348	352	234	429	375	277	276	420	451	333	368	340	373	530	303	259	476	279	471	346	313	397	457	243	372	507	278	229	434	438	321	288	497	501	394	384	468	422	255	340	168	136	354	276	449	135	300	347	330	338	344	425	425	417	334	367	276	107	229	185	304	366	198	361	329	439	233	232	293	493	482	519	426	255
Candidatus Coatesbacteria	21	13	18	27	12	19	16	14	8	20	9	7	21	9	19	22	20	16	17	13	7	12	10	10	11	27	16	17	25	8	28	41	23	18	8	11	8	28	23	11	12	12	31	27	9	23	9	18	19	9	15	22	11	6	18	11	7	21	4	11	13	6	10	15	24	23	10	11	10	16	12	15	8	8	8	14	5	8	25	12	11	19	21	24	19	10	7	8	14	16
Candidatus Collierbacteria	22	18	24	31	22	19	40	18	34	36	22	22	17	32	29	40	30	33	32	16	19	20	29	18	26	17	30	43	31	19	60	44	33	36	14	24	24	29	34	37	29	25	26	20	19	45	21	25	50	33	14	21	12	26	35	23	38	38	22	33	27	19	26	17	32	30	16	27	13	34	16	21	21	25	20	17	14	45	30	16	19	22	33	53	49	20	21	26	30	34
Candidatus Colwellbacteria	7	13	13	5	5	6	3	3	8	7	7	3	6	17	8	4	14	11	11	6	7	9	4	11	12	3	8	13	7	9	5	10	10	25	12	10	14	12	9	5	10	7	22	3	8	12	10	8	11	12	13	7	10	26	7	6	0	7	6	12	3	4	14	12	5	2	2	7	6	11	5	9	14	4	10	10	4	3	9	15	9	14	12	16	13	9	13	9	12	5
Candidatus Curtissbacteria	31	26	36	38	26	40	34	26	17	49	28	15	31	48	42	25	20	29	29	18	23	29	22	26	57	55	30	61	48	30	59	53	35	33	27	33	30	51	39	47	73	49	37	41	25	58	38	44	37	29	23	22	18	14	35	20	3	48	21	30	28	18	27	29	46	57	27	31	39	49	25	49	21	20	36	32	25	23	42	42	20	31	32	32	51	31	26	23	22	24
Candidatus Dadabacteria	57	44	33	41	34	43	35	45	38	30	29	47	29	39	22	49	40	42	31	18	70	29	28	16	52	49	41	66	56	51	42	35	47	37	51	38	39	49	54	42	54	56	60	44	56	48	25	44	48	30	55	31	59	80	42	31	30	33	41	34	52	31	21	30	40	48	27	29	35	42	38	51	97	33	20	36	25	56	23	50	34	48	42	46	48	30	37	44	74	41
Candidatus Daviesbacteria	50	28	24	58	48	63	56	49	38	90	50	25	72	30	52	81	54	62	39	17	25	53	65	59	23	50	64	87	48	58	68	86	49	49	48	57	47	81	59	59	67	50	80	37	36	80	31	66	93	69	38	35	32	37	61	37	19	57	17	69	60	43	29	48	37	50	11	28	38	69	29	62	22	43	36	43	26	37	86	24	24	34	54	72	64	51	35	45	37	45
Candidatus Delongbacteria	39	78	66	33	47	35	25	39	61	25	24	51	27	27	41	29	46	40	32	62	63	61	42	38	66	58	44	57	56	70	53	31	54	48	39	44	39	42	69	68	94	52	70	40	49	81	31	49	49	62	65	53	66	52	54	40	22	32	61	31	62	35	54	43	77	57	53	50	41	41	37	51	33	24	36	33	39	43	35	53	51	41	32	25	26	64	46	65	51	60
Candidatus Desantisbacteria	60	36	33	35	49	63	70	50	51	69	40	55	61	39	49	56	46	41	25	38	55	49	60	52	72	53	63	79	66	58	63	96	59	36	45	44	49	65	75	62	93	75	68	53	52	66	41	45	45	70	40	33	54	56	70	45	11	72	32	30	40	30	40	42	58	69	42	39	54	60	48	53	59	44	52	47	22	44	66	59	50	60	64	33	60	51	63	56	69	43
Candidatus Doudnabacteria	54	71	29	27	60	58	61	32	45	27	36	48	36	25	64	57	35	59	40	65	73	30	44	50	55	61	51	57	73	57	59	35	69	60	42	62	63	95	78	40	55	54	78	41	71	70	29	57	99	61	73	49	73	57	71	51	20	27	70	44	56	30	43	50	55	61	13	44	44	67	43	53	54	37	35	35	39	64	59	85	56	65	72	50	47	55	42	56	82	37
Candidatus Edwardsbacteria	45	62	58	19	35	40	35	30	63	38	33	63	30	32	39	28	44	39	34	50	41	34	46	37	65	48	53	68	32	63	58	32	59	43	53	42	33	48	47	43	68	57	61	18	68	61	35	49	60	56	53	51	47	45	37	33	6	34	35	36	69	28	24	83	60	39	40	49	32	61	31	56	60	23	24	33	24	45	35	87	42	61	44	33	50	49	48	52	62	32
Candidatus Eisenbacteria	50	51	59	27	59	39	30	48	63	30	31	64	31	26	35	41	46	44	23	52	56	39	46	66	66	40	52	51	45	56	45	44	104	41	69	36	51	54	65	28	56	81	52	30	70	82	43	49	66	56	43	52	54	57	31	51	16	27	57	45	55	19	26	37	44	51	63	58	55	53	51	45	35	25	19	19	42	49	28	64	29	67	19	42	41	47	64	59	73	36
Candidatus Falkowbacteria	139	101	139	124	97	116	117	82	85	110	82	93	119	95	99	119	104	112	86	90	143	89	124	95	133	156	130	160	104	109	161	135	130	127	99	78	97	164	120	102	182	123	136	102	98	209	128	117	158	84	116	82	80	111	159	83	54	128	67	97	115	73	87	113	153	115	79	89	97	144	74	102	91	81	93	120	55	56	110	109	80	107	106	98	122	130	71	114	84	87
Candidatus Firestonebacteria	66	53	94	58	50	85	61	71	37	91	46	40	75	75	79	47	45	63	49	53	101	85	74	46	69	75	55	83	84	44	106	73	96	66	60	55	33	92	87	75	117	91	69	78	59	128	30	88	72	33	45	57	55	40	45	48	2	95	95	48	109	50	37	43	70	99	86	56	34	71	73	88	63	44	43	47	26	55	50	69	45	44	55	42	76	55	38	48	49	90
Candidatus Fischerbacteria	30	51	29	44	35	34	27	23	31	30	20	29	22	25	54	37	42	33	17	29	71	43	25	25	22	29	33	21	15	35	48	37	30	36	55	24	32	35	58	22	40	27	51	41	60	44	26	27	50	39	44	39	40	64	26	24	10	45	47	30	33	11	17	57	53	15	9	24	23	49	30	52	72	18	20	37	42	50	26	55	50	47	22	24	52	39	33	35	63	27
Candidatus Fraserbacteria	4	10	2	2	21	3	5	8	5	10	5	7	11	7	4	5	11	11	8	9	7	7	10	9	17	11	2	13	9	8	15	14	15	10	15	12	14	9	21	9	2	3	7	8	21	5	9	11	12	8	15	3	12	10	8	22	0	1	5	13	3	6	6	5	6	8	4	2	6	6	11	15	4	5	6	6	6	14	10	8	4	7	19	9	5	5	8	11	18	6
Candidatus Giovannonibacteria	61	55	77	57	52	47	42	60	51	59	40	50	60	33	56	45	40	46	57	54	43	56	56	38	54	69	82	76	60	40	73	56	72	50	50	53	47	81	52	45	99	79	63	58	52	99	42	52	90	55	34	73	43	72	62	50	22	37	46	62	84	61	48	60	78	45	44	65	36	84	43	51	56	37	32	30	28	46	42	59	36	51	39	51	59	49	45	73	76	61
Candidatus Glassbacteria	24	50	28	27	37	25	35	30	23	29	22	36	37	32	57	37	45	31	27	40	27	50	19	48	25	45	31	25	26	27	70	51	55	35	36	32	39	38	49	24	23	32	48	36	46	39	25	33	34	31	28	18	24	32	33	32	5	30	26	38	31	18	30	33	26	58	36	26	21	42	31	30	21	16	26	17	22	56	51	29	37	23	26	45	41	32	34	25	28	30
Candidatus Gottesmanbacteria	171	191	189	123	253	134	189	166	252	128	100	313	172	175	193	242	243	181	157	253	228	179	183	230	287	217	220	110	252	347	266	223	325	183	242	219	208	239	254	146	171	295	171	162	246	311	184	156	246	244	169	263	239	210	137	214	25	128	302	229	233	92	234	176	246	220	222	229	246	236	239	153	166	63	137	133	231	191	135	136	173	268	80	166	160	274	371	301	255	212
Candidatus Gracilibacteria	7	20	9	6	14	5	2	3	4	11	9	4	3	7	15	8	10	7	5	16	3	4	4	7	9	10	7	5	7	8	6	7	14	14	8	7	13	10	9	5	8	3	15	8	12	8	10	4	14	10	18	8	6	10	16	18	0	2	13	5	7	7	8	11	14	3	2	8	1	9	6	16	12	4	7	8	8	18	8	12	14	11	12	15	4	9	9	17	10	6
Candidatus Handelsmanbacteria	63	130	87	65	111	53	73	93	93	46	49	127	58	62	86	75	86	76	61	97	115	81	58	91	119	99	91	54	83	136	87	82	114	57	95	87	94	111	155	96	86	100	79	85	125	97	84	46	129	109	93	96	117	143	66	81	21	57	105	78	108	55	92	84	108	62	73	97	93	120	86	79	120	39	57	42	69	77	48	100	81	124	59	73	76	92	127	107	141	76
Candidatus Harrisonbacteria	9	6	7	24	16	11	8	6	10	17	9	10	10	25	16	7	9	6	5	5	4	10	10	10	6	6	13	10	14	11	14	31	8	19	11	15	4	10	11	10	4	6	17	30	7	18	10	12	13	13	8	9	14	9	7	10	1	34	4	13	5	9	11	9	7	31	3	11	9	11	13	19	5	7	14	20	11	4	19	4	7	11	12	18	15	10	9	9	10	8
Candidatus Hydrogenedentes	17	20	9	2	13	10	15	9	18	9	14	11	8	11	17	15	17	10	8	16	12	14	7	5	13	13	22	15	14	16	14	14	29	10	17	19	11	24	16	8	13	12	23	7	9	23	15	20	14	7	7	10	4	11	13	11	11	9	13	8	11	9	6	11	12	16	3	12	11	12	13	8	11	6	11	4	11	8	13	11	4	10	19	11	8	13	12	8	12	10
Candidatus Jorgensenbacteria	20	14	14	10	12	6	10	11	18	22	10	22	16	31	25	13	21	18	14	20	15	15	25	16	9	24	27	27	31	19	15	13	31	18	15	22	11	20	20	21	18	25	18	22	24	34	29	19	26	10	19	17	10	15	28	13	1	18	9	11	15	25	18	16	20	23	13	23	33	23	10	8	16	12	9	14	15	12	26	11	12	15	10	26	14	29	12	13	17	12
Candidatus Kaiserbacteria	155	206	180	115	248	116	145	156	192	79	107	204	144	109	196	172	152	151	109	179	156	142	149	242	180	153	185	192	142	233	202	152	236	225	321	134	261	185	370	134	184	231	175	131	372	275	157	190	229	230	196	221	199	224	187	229	56	97	249	192	235	86	128	282	202	194	157	167	164	293	207	193	155	67	117	124	201	212	185	210	163	239	115	122	168	200	219	214	180	150
Candidatus Kerfeldbacteria	77	74	63	52	125	48	65	65	79	31	45	121	58	49	46	77	85	83	62	54	53	37	65	95	84	62	100	80	88	150	58	72	116	48	78	82	75	79	84	43	81	116	47	58	75	92	84	60	128	105	78	79	97	86	52	65	21	23	88	73	112	31	53	62	58	96	49	112	105	110	55	118	26	31	44	32	73	72	105	59	62	63	63	46	88	101	103	109	58	76
Candidatus Komeilibacteria	11	8	15	11	9	11	19	22	7	17	9	6	15	5	19	21	21	19	16	14	14	10	13	11	7	22	19	27	17	4	26	22	22	11	15	14	10	26	10	12	31	13	14	10	9	46	7	27	32	8	14	9	7	13	29	4	31	19	18	9	14	11	8	11	18	19	9	7	6	17	11	10	13	14	4	17	5	29	18	6	5	6	15	27	9	7	8	13	17	13
Candidatus Korarchaeota	5	9	1	2	3	3	2	3	1	4	5	1	4	3	10	3	4	2	1	1	2	8	1	1	1	8	5	5	2	3	5	5	3	2	0	3	1	1	6	0	3	7	2	5	4	4	1	1	4	3	2	4	3	2	2	3	0	1	2	6	4	2	3	2	1	6	6	0	2	7	3	2	1	1	2	3	1	2	6	8	8	1	2	11	0	0	0	4	1	4
Candidatus Kryptonia	162	167	128	77	176	92	107	113	163	77	123	318	105	100	166	111	148	197	135	196	151	134	213	213	225	194	146	201	137	278	132	111	224	142	250	174	161	109	211	128	209	246	148	75	188	189	199	179	270	247	185	180	245	224	150	144	51	69	190	115	206	66	133	151	180	183	147	162	192	218	148	189	173	77	61	69	126	157	93	221	214	228	131	99	151	227	190	245	207	147
Candidatus Kuenenbacteria	22	30	3	15	24	9	11	7	12	10	5	17	9	12	18	31	19	20	10	30	30	14	18	16	33	8	7	18	15	17	21	11	20	18	33	24	21	26	33	20	17	14	26	17	40	13	4	21	31	16	34	33	35	18	30	16	4	11	33	18	7	8	15	21	21	10	4	11	15	30	17	22	23	4	14	15	26	51	24	17	22	28	31	12	19	19	17	23	27	11
Candidatus Latescibacteria	99	136	110	86	107	74	106	82	122	78	59	155	63	84	99	105	119	86	109	119	143	96	73	102	120	130	89	75	87	116	99	109	152	98	127	78	78	121	136	111	127	118	137	73	122	136	80	84	107	112	100	107	119	128	110	100	44	85	141	66	136	69	87	112	132	124	104	108	101	153	85	106	130	48	79	47	79	97	56	120	102	144	68	99	130	137	123	144	148	93
Candidatus Levybacteria	56	75	46	80	81	76	76	67	98	71	62	137	76	91	102	106	102	85	94	82	52	89	86	79	104	69	107	103	129	112	114	107	138	82	101	97	94	102	101	84	95	110	90	87	107	142	92	77	130	100	84	82	66	81	93	64	30	84	65	71	82	70	61	82	91	94	59	78	120	111	79	81	37	49	45	75	67	69	111	66	58	71	71	91	111	122	89	97	88	65
Candidatus Lindowbacteria	36	13	16	33	19	36	27	12	23	25	39	22	48	32	33	25	34	24	18	18	21	28	26	18	32	28	24	55	32	19	46	43	33	22	23	30	26	20	21	25	37	21	43	32	19	35	34	37	30	22	22	19	20	30	29	21	12	63	17	32	70	11	25	17	8	35	9	36	26	31	14	36	21	23	23	17	11	20	15	24	24	26	16	25	44	42	21	20	19	28
Candidatus Liptonbacteria	25	16	16	19	24	24	26	28	29	18	12	23	31	30	21	27	30	24	14	31	26	14	32	21	20	27	31	21	23	21	24	24	28	22	30	19	35	39	34	25	23	11	24	45	29	34	12	27	29	24	20	19	26	28	23	28	1	23	22	15	12	10	17	20	29	43	8	22	28	23	15	27	21	6	15	9	17	26	30	21	21	31	11	28	31	23	22	23	15	13
Candidatus Lloydbacteria	41	16	18	27	37	30	38	30	32	34	24	59	21	39	19	22	56	32	25	32	13	54	43	37	27	36	37	31	55	60	51	45	44	12	30	38	41	40	46	46	22	40	42	22	26	32	22	29	27	39	23	23	26	22	27	33	11	39	34	25	35	14	30	26	43	45	24	30	53	46	31	32	20	17	23	27	20	37	27	18	35	39	21	34	39	42	37	48	34	30
Candidatus Lokiarchaeota	26	12	48	56	25	48	49	25	31	56	28	22	36	45	45	24	41	47	26	21	41	24	34	27	31	55	50	62	50	48	47	63	46	16	22	28	19	50	35	31	66	37	49	40	18	43	52	29	25	39	29	14	26	28	17	24	9	62	16	40	25	52	30	20	51	31	29	17	23	28	29	50	36	28	38	38	11	9	32	21	24	19	49	39	91	34	18	24	20	19
Candidatus Magasanikbacteria	214	209	265	179	256	193	196	250	264	177	147	268	177	178	298	188	247	209	143	236	233	198	249	280	290	298	294	281	255	356	269	255	345	231	252	213	226	248	286	254	376	367	227	190	285	404	195	246	348	254	217	249	214	211	258	202	144	204	200	217	339	162	180	254	251	283	227	266	212	286	239	254	212	157	146	211	164	198	225	265	200	215	186	165	267	314	233	343	268	236
Candidatus Margulisbacteria	64	56	61	76	61	59	84	59	115	66	54	92	58	76	55	89	82	58	85	69	37	70	84	61	80	74	84	52	82	75	104	100	96	74	80	55	58	93	102	70	76	70	88	88	87	78	61	67	81	73	51	86	51	84	39	51	9	91	69	73	60	46	54	76	53	82	46	58	53	89	51	64	59	61	63	39	39	60	79	60	53	66	67	71	110	87	63	45	53	65
Candidatus Marinimicrobia	143	121	136	94	145	123	117	128	188	74	97	215	110	117	132	122	112	124	89	131	116	135	109	152	183	165	178	222	153	216	138	112	222	120	171	99	137	142	146	115	230	215	133	110	147	212	143	173	209	241	123	154	159	125	94	126	62	102	130	114	258	84	128	149	152	150	112	158	158	202	137	173	79	69	119	108	103	125	102	156	143	192	112	122	200	214	142	189	192	116
Candidatus Micrarchaeota	64	8	15	19	19	21	25	14	21	25	18	17	16	13	29	23	18	30	16	17	37	38	23	20	21	23	27	19	72	21	26	13	18	27	14	27	33	33	23	21	28	18	24	22	21	18	11	27	18	36	22	14	21	13	12	19	1	23	14	19	39	16	20	21	31	72	16	16	32	31	13	19	18	21	13	29	13	36	36	11	40	30	17	33	24	12	17	25	25	10
Candidatus Microgenomates	35	15	40	24	25	32	12	24	28	14	20	30	22	18	24	17	21	36	11	30	42	16	16	31	40	32	22	67	24	29	29	23	26	14	11	11	13	22	22	20	44	41	17	8	25	69	30	26	34	31	26	33	20	27	20	23	35	15	32	21	33	9	25	15	30	28	29	21	20	21	20	38	14	19	14	11	11	19	27	25	28	29	39	14	23	25	25	37	31	28
Candidatus Moranbacteria	127	111	116	122	120	110	153	137	159	88	107	175	148	127	152	162	130	138	120	137	114	144	149	131	176	153	171	229	130	184	170	201	186	173	161	138	123	169	185	284	170	213	151	111	127	225	151	209	235	157	117	143	163	114	150	117	46	157	131	142	207	90	107	142	142	173	114	132	174	204	99	164	91	69	113	114	84	122	118	114	123	132	155	134	150	178	128	181	175	132
Candidatus Nanohaloarchaeota	28	87	45	25	85	9	28	31	58	9	30	103	29	37	57	48	50	59	53	90	48	57	40	63	86	39	56	69	43	87	27	29	78	41	79	48	61	46	80	28	32	109	55	27	74	55	59	35	97	57	59	94	95	82	21	61	14	10	107	50	102	9	55	58	42	38	52	68	87	79	70	73	40	21	38	15	66	104	30	73	55	59	39	30	49	85	112	109	73	46
Candidatus Nealsonbacteria	19	13	5	16	7	14	12	8	10	14	12	11	17	31	16	14	15	16	10	9	12	13	13	8	9	14	22	24	9	8	33	19	24	11	7	15	13	21	16	17	24	13	26	12	9	23	25	23	18	9	9	12	14	13	28	16	5	19	10	31	9	19	18	13	9	32	6	10	12	23	8	13	14	12	14	12	11	7	16	7	8	11	6	22	18	23	9	13	13	24
Candidatus Niyogibacteria	10	8	4	20	1	10	10	2	8	15	6	5	12	16	13	2	9	6	4	4	2	21	11	7	10	6	6	7	12	1	7	22	11	8	5	1	1	4	4	6	13	4	14	17	4	11	8	15	9	2	3	7	6	7	2	5	3	45	0	6	2	5	4	6	4	21	8	6	1	9	7	9	3	2	8	17	2	1	9	1	7	10	1	6	25	10	3	0	4	15
Candidatus Nomurabacteria	105	142	119	58	126	75	77	81	108	75	88	125	101	110	147	112	77	123	83	133	123	121	148	88	90	157	107	181	162	118	171	97	135	112	136	112	132	165	162	130	179	148	139	70	135	266	70	207	279	157	119	134	122	127	204	97	61	96	128	89	141	72	66	143	184	135	56	78	85	199	90	124	80	54	75	92	72	124	145	116	120	113	112	102	106	97	101	115	108	87
Candidatus Odinarchaeota	1	2	0	5	1	1	2	2	1	2	3	0	4	1	1	3	2	1	2	0	2	5	3	2	1	3	2	2	1	2	4	2	7	2	1	0	2	3	3	5	0	2	1	3	1	2	1	3	0	2	0	3	3	1	2	0	0	3	0	2	1	1	0	3	1	0	0	1	3	0	0	1	4	2	2	0	0	0	2	1	0	0	2	1	1	2	2	1	4	2
Candidatus Omnitrophica	868	695	679	758	712	706	720	630	711	672	519	849	701	808	721	747	716	647	567	684	818	692	760	655	846	755	786	908	835	882	978	941	886	655	802	700	640	958	1083	786	999	841	885	806	846	924	697	697	898	759	676	687	782	737	565	671	201	802	705	662	914	542	624	633	888	738	517	625	727	804	579	821	702	424	578	562	514	749	627	692	641	730	716	716	864	873	688	800	817	718
Candidatus Pacebacteria	24	27	41	6	33	23	19	25	8	11	12	5	24	14	16	16	18	27	14	15	33	18	24	15	16	24	18	33	29	9	47	20	41	16	24	20	21	25	22	19	27	47	15	28	19	56	3	56	37	10	13	34	20	20	45	23	8	23	23	22	39	20	12	27	40	17	23	23	6	34	19	12	28	8	8	10	8	15	39	16	16	7	15	32	10	16	14	14	23	24
Candidatus Parcubacteria	63	78	76	89	94	88	78	71	79	81	58	72	73	54	103	53	52	75	63	74	245	93	106	91	68	88	65	117	85	98	108	110	105	93	94	66	65	111	165	98	131	143	102	53	168	106	64	82	170	113	90	66	106	296	101	63	17	59	46	63	97	57	65	77	108	92	47	72	69	116	61	111	357	36	58	65	47	68	99	136	81	101	101	97	93	96	75	110	164	63
Candidatus Parvarchaeota	1	0	0	0	1	0	0	0	4	0	0	1	0	0	0	2	2	0	1	0	0	0	1	0	1	4	0	1	0	2	4	1	6	1	2	1	3	3	8	2	1	0	0	0	2	1	1	0	1	2	0	1	1	0	0	2	0	1	1	0	1	2	0	1	2	2	1	1	2	2	0	0	1	1	2	0	4	1	2	1	0	0	1	1	1	1	0	0	1	1
Candidatus Peregrinibacteria	268	208	255	179	219	185	213	252	239	185	164	318	208	235	281	266	251	276	192	227	260	232	241	237	252	263	296	340	293	306	323	277	330	220	273	230	230	314	315	266	356	336	284	223	229	429	245	355	359	254	187	259	249	246	360	187	94	219	201	232	324	152	209	227	241	342	194	225	246	322	208	243	217	125	163	184	150	210	297	228	227	203	211	264	243	299	233	273	264	264
Candidatus Poribacteria	1	0	0	0	0	0	0	0	1	1	0	0	1	0	0	1	0	0	0	2	0	1	0	0	0	1	0	0	1	0	0	0	0	0	0	0	0	0	0	0	0	0	0	0	0	0	0	0	0	0	0	0	0	0	1	0	0	0	0	0	0	0	0	0	1	0	0	0	0	0	1	0	0	0	0	0	0	0	0	0	0	0	0	0	0	0	0	0	0	0
Candidatus Portnoybacteria	26	38	32	24	69	9	24	42	71	16	14	67	26	32	30	39	65	41	36	67	52	32	45	64	75	49	44	20	35	83	47	48	66	30	53	49	51	43	56	28	32	68	23	31	59	58	46	17	51	72	39	52	60	41	37	41	18	21	56	24	50	7	40	17	55	46	37	38	44	48	44	32	16	14	28	18	52	51	29	34	42	44	18	26	38	58	98	71	56	28
Candidatus Raymondbacteria	66	70	72	64	63	47	89	69	69	48	41	79	52	25	69	89	51	57	62	54	61	60	69	56	91	64	67	85	54	80	86	86	91	48	59	77	47	68	80	66	83	95	82	56	62	81	39	57	71	48	53	59	74	61	50	52	8	34	61	96	70	56	59	64	61	58	57	66	55	85	53	56	50	48	39	36	48	45	54	73	54	60	75	67	78	61	73	79	87	50
Candidatus Riflebacteria	43	64	37	37	32	36	32	36	42	48	23	48	55	28	36	16	49	35	22	36	34	62	27	33	47	61	41	57	53	75	37	56	61	33	32	27	21	47	28	47	73	54	45	35	34	55	30	25	37	39	29	22	29	29	29	35	16	34	45	21	34	27	35	26	48	57	49	38	31	39	20	43	19	25	30	21	21	33	26	40	46	36	31	21	37	59	41	36	34	38
Candidatus Roizmanbacteria	131	132	114	127	135	94	115	117	133	107	98	176	125	161	134	121	139	135	103	104	158	118	153	166	177	177	178	128	159	217	131	144	157	103	156	109	117	208	209	131	181	186	122	131	111	193	164	94	170	142	149	115	124	137	140	127	31	95	119	121	128	104	114	127	176	155	123	146	143	164	120	106	106	84	96	113	115	111	116	132	102	129	101	118	138	166	173	160	159	110
Candidatus Rokubacteria	229	192	175	223	206	161	240	182	169	187	158	265	207	230	281	279	230	222	161	211	154	221	239	176	214	220	249	137	252	209	277	305	309	207	240	218	218	324	372	217	167	248	248	298	223	241	207	185	213	189	179	192	197	176	177	183	62	221	216	206	173	180	202	188	191	219	122	217	171	203	149	200	150	140	122	169	136	211	222	169	160	242	186	257	234	236	234	260	225	150
Candidatus Ryanbacteria	14	7	3	18	10	4	21	7	10	3	12	12	17	12	4	10	7	14	10	19	16	19	20	7	10	35	23	26	15	5	21	15	28	17	20	5	11	32	12	19	16	14	22	26	15	32	15	17	25	5	7	21	6	7	36	24	1	15	6	11	10	7	9	17	49	15	9	13	6	12	6	9	12	7	19	11	6	5	22	5	11	15	21	14	13	6	8	15	15	9
Candidatus Saccharibacteria	996	1446	428	201	1208	294	788	877	389	176	298	350	637	144	1452	590	604	1908	508	696	1211	728	1545	1219	686	2549	1083	3885	3116	136	1326	1307	1601	1259	525	648	1201	1894	1343	1260	3128	2763	551	266	701	7557	194	3950	3856	839	1060	2000	701	1208	6523	833	28	628	975	1710	1225	1337	280	2142	3548	1040	233	544	543	3442	675	163	349	421	739	2032	1350	621	3987	151	934	588	1940	1475	344	1181	1241	887	1356	478
Candidatus Schekmanbacteria	75	83	50	72	77	71	78	52	64	76	57	96	71	107	81	63	73	64	71	75	62	87	74	53	56	93	89	70	72	52	94	116	99	61	79	64	60	111	111	93	87	74	107	89	67	99	99	65	95	41	50	65	63	68	66	57	15	88	62	56	55	43	75	59	49	85	51	78	80	79	47	65	45	79	58	57	41	50	56	66	66	60	50	59	90	86	78	82	65	85
Candidatus Shapirobacteria	10	5	3	4	2	3	7	3	5	4	2	1	8	3	6	8	6	5	3	3	3	4	6	5	4	5	8	18	5	0	4	17	6	9	4	5	10	16	10	6	9	11	3	7	0	19	3	15	13	5	4	3	0	3	12	3	3	6	3	11	6	3	1	3	9	8	5	3	4	7	3	2	1	3	4	7	3	0	16	6	2	1	6	12	8	4	4	2	6	7
Candidatus Spechtbacteria	16	18	15	5	11	9	12	18	3	13	12	8	7	9	13	19	10	16	18	17	12	17	26	18	19	22	16	18	25	4	23	16	28	14	7	15	17	26	15	8	8	24	11	9	10	48	10	23	27	12	11	11	13	13	40	12	6	5	15	11	13	14	5	14	25	7	7	6	7	17	11	8	9	5	15	11	4	9	7	8	18	24	24	10	7	14	12	14	16	13
Candidatus Staskawiczbacteria	47	22	15	23	24	20	21	20	20	25	26	32	25	61	41	23	28	23	19	27	40	33	28	22	24	39	31	57	68	15	37	65	40	14	19	34	27	40	47	45	44	32	36	32	29	57	63	70	37	15	22	23	14	29	58	32	19	30	14	30	15	43	31	38	35	46	15	11	37	29	24	18	15	9	25	47	25	11	35	9	38	19	32	36	22	29	15	22	30	24
Candidatus Sungbacteria	38	32	26	27	31	30	27	36	25	17	26	33	25	16	27	20	28	30	47	34	32	31	48	30	35	41	53	35	39	20	56	26	57	30	27	46	34	59	38	24	39	37	30	49	44	58	10	33	28	27	26	18	16	27	43	25	9	17	45	27	52	28	21	22	44	31	12	24	36	41	21	25	23	19	16	34	31	26	45	23	18	31	23	35	31	22	36	40	35	31
Candidatus Tagabacteria	3	7	5	6	10	1	4	2	6	2	4	5	2	8	2	4	12	10	2	7	2	9	5	2	3	9	9	11	4	4	10	7	8	4	0	10	5	10	8	13	15	11	13	2	8	16	5	15	10	4	3	3	3	3	3	6	4	3	3	1	7	3	4	3	6	6	7	6	2	6	5	3	3	1	4	5	7	5	4	6	2	5	3	6	5	11	10	9	4	6
Candidatus Taylorbacteria	61	28	51	62	47	37	54	26	61	58	47	37	53	40	70	34	57	36	37	30	91	42	59	43	36	38	42	82	66	48	43	69	55	48	54	50	31	61	72	50	45	53	40	58	80	87	36	65	78	47	35	44	49	106	115	51	61	87	48	37	58	55	24	43	71	60	29	38	68	78	39	33	114	44	21	61	31	35	60	30	33	30	34	44	49	31	53	59	64	22
Candidatus Tectomicrobia	111	84	101	114	108	100	112	66	121	86	84	158	147	115	90	99	110	119	88	80	79	121	87	120	119	122	140	132	159	166	123	163	158	93	115	79	107	135	106	96	158	154	105	109	81	137	111	87	166	106	89	84	146	93	70	100	61	110	86	105	159	89	112	69	80	134	90	114	127	161	80	131	64	68	89	85	82	73	121	100	89	95	124	109	189	138	125	131	101	113
Candidatus Terrybacteria	8	31	16	9	18	10	17	7	8	10	5	13	12	5	23	14	15	18	12	11	12	22	15	13	16	22	10	11	20	4	19	9	13	12	18	7	14	15	12	16	31	10	13	16	19	27	7	15	25	7	12	12	11	8	15	6	4	6	17	10	9	4	10	21	15	19	15	12	6	22	15	18	20	6	6	4	5	6	14	18	21	8	9	9	10	11	4	13	15	14
Candidatus Thorarchaeota	27	17	28	35	37	30	43	22	22	23	22	47	34	64	41	43	23	31	37	20	46	38	30	19	41	30	50	28	36	41	44	41	36	40	29	32	18	57	41	46	31	25	41	41	42	32	69	23	34	50	34	32	30	34	34	28	12	43	55	28	43	24	47	42	42	28	17	26	55	30	22	33	31	20	26	14	24	33	28	25	27	40	29	34	30	61	37	34	19	28
Candidatus Uhrbacteria	260	259	193	184	276	135	188	214	304	161	127	424	164	236	224	267	241	259	197	294	224	212	264	297	361	245	294	187	278	340	219	251	362	236	308	315	263	291	352	232	242	338	219	226	370	322	225	179	285	273	239	274	276	281	266	209	166	192	265	247	265	119	210	259	272	287	197	286	280	291	246	211	220	134	152	155	243	283	187	225	175	248	174	185	214	297	341	319	286	188
Candidatus Vogelbacteria	30	45	11	15	27	20	17	13	24	7	18	32	13	5	8	23	12	36	23	32	33	20	10	23	30	17	16	69	14	19	23	14	52	22	31	28	36	15	28	12	35	28	20	17	33	31	25	52	44	46	27	31	44	35	34	15	14	13	27	19	58	7	23	16	30	22	4	23	28	57	14	53	25	13	12	20	29	45	22	40	24	38	32	24	33	20	24	52	21	19
Candidatus Wallbacteria	32	25	13	20	8	19	40	10	17	26	13	19	28	14	37	17	14	18	10	15	11	20	18	11	19	17	36	34	17	14	21	26	23	17	22	16	20	30	36	21	24	20	24	9	17	30	25	37	24	32	23	16	13	16	28	15	17	14	8	21	46	13	6	15	20	35	16	15	32	36	7	28	20	15	8	21	11	14	33	16	21	20	18	18	16	30	14	20	14	19
Candidatus Wildermuthbacteria	63	11	14	22	8	16	20	23	16	21	15	10	18	18	32	13	10	26	14	12	70	16	15	12	18	25	30	25	100	17	22	20	14	12	21	19	22	20	24	20	60	32	18	25	18	27	24	23	34	36	15	16	22	18	20	18	6	22	8	17	46	13	15	21	24	65	4	20	28	38	13	8	14	7	8	23	7	14	42	8	64	9	21	19	15	27	16	23	12	24
Candidatus Wirthbacteria	56	48	46	32	66	40	48	71	49	44	32	74	39	29	54	50	66	53	47	78	47	37	49	57	66	63	57	50	53	91	46	56	80	38	57	70	42	76	99	47	47	77	31	44	64	84	46	48	78	78	44	47	71	59	39	56	2	34	49	51	55	34	40	50	44	49	51	85	70	71	73	54	33	18	56	21	69	60	35	54	30	50	30	51	72	87	84	86	71	65
Candidatus Woesearchaeota	13	7	3	5	7	3	5	10	21	11	5	8	10	2	12	9	13	14	10	6	1	5	12	6	3	9	19	6	11	4	16	10	11	11	7	11	14	19	15	13	5	10	12	19	12	5	5	7	11	13	6	3	8	7	9	8	2	13	7	12	7	14	2	4	8	8	1	12	4	6	5	11	3	4	3	11	6	9	9	8	4	7	5	9	8	10	9	14	4	12
Candidatus Woesebacteria	143	187	180	114	217	104	128	147	200	99	115	261	140	170	181	142	177	184	156	162	205	137	148	200	211	172	211	203	204	203	184	145	253	142	171	169	159	203	187	169	241	236	162	115	188	361	167	182	260	180	149	211	140	178	253	161	43	139	190	164	184	107	136	146	219	168	116	153	167	244	125	145	109	85	122	134	149	149	195	119	151	173	151	137	123	221	207	216	217	135
Candidatus Wolfebacteria	18	12	12	17	21	10	13	17	25	26	21	17	15	6	21	25	14	11	16	13	21	23	31	22	24	17	28	19	20	10	32	19	18	26	18	23	15	33	24	18	23	14	27	34	16	27	17	21	20	27	16	16	14	10	28	15	3	21	25	15	17	6	13	29	14	18	7	17	27	16	15	20	13	14	15	22	16	13	29	15	9	14	15	22	24	22	12	13	13	13
Candidatus Woykebacteria	32	43	82	61	36	53	24	27	50	65	48	18	56	32	32	30	29	24	48	31	87	45	53	48	51	53	46	54	30	69	50	59	50	54	38	34	23	59	39	53	61	42	103	39	40	62	38	31	126	113	52	45	54	75	81	34	4	74	28	52	32	25	23	40	65	37	63	50	22	56	34	49	64	34	36	29	18	15	15	35	29	28	31	29	71	45	36	49	40	43
Candidatus Yanofskybacteria	75	72	84	97	115	97	82	66	98	76	78	107	111	123	88	65	84	90	78	74	129	87	114	98	90	103	113	134	121	126	109	133	150	62	85	84	68	66	111	88	168	117	84	106	102	141	116	99	154	120	110	97	112	131	97	81	14	122	66	66	132	51	71	78	85	108	69	96	99	114	67	87	126	89	70	87	68	68	91	109	80	88	80	72	105	104	95	96	113	87
Candidatus Yonathbacteria	17	9	13	25	12	19	11	11	20	10	10	13	16	37	9	14	8	15	15	10	9	23	18	11	5	31	19	38	21	16	13	15	31	17	8	13	13	25	5	40	35	20	16	10	7	29	20	34	47	42	13	9	31	11	27	18	14	32	6	8	31	10	23	11	12	26	9	13	22	43	8	19	6	14	21	18	9	8	17	18	20	9	23	14	15	33	10	24	12	22
Candidatus Zambryskibacteria	25	12	16	14	14	12	21	12	9	8	15	4	19	17	32	23	11	19	15	13	26	15	33	14	8	29	22	33	64	8	24	19	34	28	6	18	17	62	31	17	31	25	18	24	12	49	15	23	47	6	14	16	2	10	32	20	3	21	5	22	19	22	15	19	29	49	6	10	9	32	13	8	5	9	14	29	19	13	23	9	48	16	28	11	19	10	12	8	13	6
cannot be assigned to a phylum 	184538	198120	220962	154030	240271	137505	166865	208438	218688	214444	167500	395098	207349	274826	241033	182492	177989	314142	177120	215790	199163	178576	198189	258444	234018	246967	258172	176703	201914	385362	198758	201739	270858	201164	246071	180436	393650	254744	268273	247045	224939	234784	182835	159182	209090	232242	222935	182113	316780	199523	199712	186447	183133	249704	292011	224171	168368	163174	203628	210714	195544	137312	194131	240887	188245	173816	197716	168912	244238	214125	249051	195998	196523	113510	204588	134892	153003	178650	207563	191072	158224	211812	212391	164678	176588	344700	252451	239261	260426	156633
Chlamydiae	11176	13331	15784	4212	7954	6357	7964	8325	5792	3120	28569	6796	47246	4421	12561	6260	14177	18632	4132	27503	20327	12296	6013	12222	10227	45067	14069	5305	16101	4614	3931	5006	7502	40005	7526	5242	30325	23773	5043	7541	21158	4777	9911	23048	6497	24266	5984	13149	70965	7193	14435	6487	4403	5938	13022	20845	6040	3688	5141	9347	10046	31185	11597	9331	3326	3602	47229	7043	6275	18006	4127	4853	8709	5543	13930	12791	3365	5676	17627	3946	17647	5420	8190	2659	5011	4578	5800	4744	7674	15454
Chlorobi	1168	1586	1382	708	1641	822	956	1150	1489	674	677	2072	739	833	1160	1255	1391	1191	1054	1643	1569	1073	1063	1541	1825	1392	1280	1290	1257	2005	1352	978	1980	1191	1731	1140	1478	1155	1681	998	1581	1860	1400	844	1910	1812	1171	1145	1661	1791	1441	1601	1740	1536	1101	1074	619	716	1851	1007	1723	521	1105	1294	1408	1281	1293	1422	1543	1535	1355	1401	1284	468	758	619	1275	1561	663	1665	1347	1589	919	921	1207	1695	1811	1984	1795	1031
Chloroflexi	3142	2545	2480	3171	3041	2728	3620	2572	2626	3124	2510	3409	3453	3872	3685	3545	3484	3210	2301	2642	2673	3170	3350	2591	3038	3317	3971	3466	3866	3291	3944	4645	4299	2746	3216	3393	2857	4719	4534	4073	3180	3304	3764	3936	2984	3811	3184	2682	3846	2970	2757	2964	3033	3073	2452	2911	937	3993	2626	3342	3414	2736	2819	2994	3094	3853	2063	2965	2891	3716	2558	3361	2682	2131	2540	2595	2076	2802	3536	2814	2385	2728	2900	3779	4337	3676	3328	3492	2813	3194
Chlorophyta	567	626	566	543	667	541	518	524	565	510	459	778	606	547	683	628	618	538	473	707	645	613	573	520	698	668	644	541	613	617	757	727	812	610	754	647	649	807	880	594	643	663	858	810	746	777	623	598	715	654	676	630	587	538	445	518	160	512	677	533	671	391	535	549	677	528	441	528	602	739	485	617	582	238	398	420	433	694	576	651	526	623	561	613	642	615	612	667	593	566
Chromerida	78	67	101	77	63	82	100	79	55	92	66	73	78	83	97	78	67	65	71	82	79	102	84	89	101	101	75	87	108	73	115	124	115	84	87	68	90	92	112	111	131	62	140	88	92	117	62	77	78	69	77	74	78	75	49	77	28	91	71	51	95	68	63	78	103	106	94	57	62	88	74	82	82	53	52	60	61	218	61	83	79	92	89	69	126	82	66	77	142	95
Chrysiogenetes	137	143	87	119	110	111	115	101	114	112	89	121	111	95	138	129	136	122	108	136	81	152	110	84	123	136	114	118	131	120	142	141	147	124	122	104	132	136	158	110	116	119	204	111	135	115	97	97	124	104	131	107	126	97	109	69	41	113	93	87	102	58	82	109	106	106	63	96	68	133	94	157	118	71	89	77	74	117	126	125	103	123	116	153	166	112	117	136	96	126
Chytridiomycota	101	146	93	123	105	94	158	96	96	106	91	89	124	104	114	179	98	111	90	86	63	104	99	74	121	106	128	118	125	103	124	146	134	107	99	107	136	124	150	112	120	123	106	110	112	122	142	103	142	70	91	65	84	85	76	82	29	121	73	102	85	72	87	104	129	109	72	85	81	127	81	119	70	53	100	75	56	114	110	104	99	127	87	148	142	88	86	99	97	102
Crenarchaeota	557	487	467	473	910	493	597	439	483	392	511	905	349	387	376	442	653	361	268	375	341	323	393	389	396	461	517	415	829	532	469	541	496	325	471	401	425	513	485	479	861	490	483	536	363	487	464	459	470	398	296	323	470	374	246	370	120	294	302	304	499	343	364	332	550	492	424	472	452	536	399	424	228	217	229	276	286	303	345	321	233	302	282	370	345	381	365	428	457	300
Cryptomycota	9	13	4	3	7	3	11	4	8	4	7	10	7	6	4	11	6	10	4	8	9	6	5	6	11	6	6	1	14	8	8	5	9	5	7	13	4	7	8	8	3	3	5	9	5	23	1	6	5	3	4	14	4	5	14	7	10	2	17	5	5	5	3	11	7	10	6	11	4	11	8	3	8	6	8	7	8	4	4	5	15	10	14	6	6	6	11	7	6	8
Cyanobacteria	4296	4560	4371	4040	5131	3725	4273	3946	4715	3846	3130	6148	4121	5279	4604	4806	5258	4584	3758	4787	4924	4385	4449	4756	5683	4975	5027	4487	5073	6344	5558	5399	6269	4095	5663	4441	4777	5160	6188	4384	5240	5755	5236	4503	5315	5679	4989	3904	5924	5399	4585	4872	5214	5027	3869	4184	1733	5333	5151	4378	5475	2833	4265	4511	4805	5570	4099	4779	5174	5333	4388	4886	4240	2470	3431	3090	3663	5274	3562	4562	4092	5092	3815	4226	5741	5817	5554	5886	5459	4145
Deferribacteres	254	264	261	28376	313	12714	240	232	343	213	206	358	48314	295	77856	307	37745	325	226	254	347	74363	268	911	583	12307	338	9678	2519	9813	479	30850	415	3095	548	251	5054	57105	718	279	4776	439	8494	32748	502	5089	337	10247	40832	3330	282	3175	349	472	320	20410	202	259	2003	52294	396	160	96853	345	1381	364	15669	267	294	17084	2250	7260	406	139	24721	187	239	4930	76607	1567	11300	1097	343	26082	309	411	373	359	340	11111
Deinococcus-Thermus	849	910	874	764	927	652	843	808	739	696	664	1071	804	828	930	1031	1011	954	749	960	911	891	853	807	1043	954	986	825	917	996	1112	994	1191	765	1021	897	869	1134	1207	850	885	1057	969	963	1044	1104	899	844	1002	892	867	897	933	928	752	818	239	861	928	752	988	592	756	801	938	819	687	907	812	1020	699	941	956	456	647	528	605	996	757	865	741	900	800	957	1066	859	965	1065	1109	799
Dictyoglomi	82	77	78	78	44	64	75	66	66	56	72	60	88	89	80	65	55	74	61	41	68	90	46	44	87	77	100	105	87	66	82	79	87	54	63	73	60	121	71	65	96	90	104	62	46	108	71	94	134	101	59	45	63	86	60	38	43	77	80	56	102	75	57	54	45	93	52	37	59	91	39	67	62	52	47	74	22	24	59	66	68	45	72	71	78	67	42	67	43	80
Elusimicrobia	914	1047	1062	821	1247	769	906	905	1124	732	690	1557	877	950	1029	1021	1158	1028	869	1184	1130	847	988	1282	1360	1212	1234	1026	1180	1550	1262	1123	1476	959	1315	1021	1080	1196	1440	949	1304	1426	1193	905	1257	1383	959	865	1371	1260	1091	1248	1238	1078	878	971	456	995	1219	945	1395	615	937	1031	1164	1204	913	1141	1160	1203	938	1104	864	465	766	688	914	1214	692	1098	996	1182	785	917	1148	1448	1430	1444	1289	912
Euryarchaeota	5010	4239	4264	4270	5440	3812	4639	3568	6197	5473	3462	5588	5073	5872	4618	4705	5757	4043	3421	4018	7120	5891	4472	3946	5430	5641	5430	4700	6299	5374	5889	6017	8961	6337	5050	4260	4793	6291	5821	4815	6410	4894	5223	5033	7205	7964	5139	4006	6840	4325	3914	4156	4599	3984	3242	3842	1965	6136	4077	4058	5302	3756	4411	3896	5325	5232	3772	4199	7086	7181	4013	5283	3712	2672	3418	3017	3018	4301	3732	3760	4664	5300	3717	4159	5451	4906	4178	4561	4576	3837
Eustigmatophyceae	35	37	29	31	27	26	37	29	29	36	18	35	39	41	56	35	37	39	18	31	19	37	39	26	33	37	36	44	34	30	64	45	39	16	41	33	37	73	43	33	43	24	54	43	22	36	34	25	36	28	30	26	32	22	29	31	17	39	38	40	40	24	25	46	27	39	32	16	27	42	18	40	30	11	23	21	21	21	37	57	44	19	27	49	45	43	46	43	27	32
Fibrobacteres	3526	3947	4246	2336	4000	2734	2706	3103	3841	2311	2089	4816	2434	2904	3092	3393	3599	3427	2931	4068	4335	3098	2913	3965	5177	4146	3712	4031	3531	5305	4113	3060	4973	3345	4614	3089	3713	3429	4313	2879	4656	5119	3662	2867	4459	5081	3445	3606	5373	4561	3831	4147	4495	4311	3567	3020	1678	2641	4529	2874	5179	1682	3083	3617	4132	4303	3621	3810	3998	4484	3601	3845	3742	1547	2481	1998	3071	4034	2086	4264	3775	4101	2859	2541	3818	4508	4391	5252	4332	3146
Firmicutes	2721160	541058	584132	3115366	1162884	2317762	3206564	1662197	1085107	3410582	2401734	1391990	3192161	3767277	2530348	2995805	2043445	1826653	1404072	766201	542748	2409587	3143077	1223715	778411	1763143	3563084	2461538	2919676	1215186	3146914	3603931	1934352	1212485	1331555	3113432	1388487	3063284	2836978	2994447	912439	919085	2916706	3710717	683297	1509152	3103062	2158471	1856740	906191	1006313	1174283	827396	1211040	1027722	2310862	2068155	5186338	520417	3178443	1051001	3801455	2185827	1652877	1225062	2617714	535413	1413139	1614920	2068430	1210648	2233950	763907	2948395	2086873	2889212	675191	617709	2673704	513324	793607	1190392	1778779	3719053	3432956	1905817	1360489	1246733	648051	1826892
Fusobacteria	3413	1671	1764	3605	2883	2627	3364	2680	2187	3203	2369	2457	3133	4971	3386	3218	3637	2703	11051	4654	1814	3003	2899	2599	2851	4982	3509	2421	3429	2195	4570	4469	3898	2379	2895	5255	4874	3924	6774	3013	3087	7593	4157	4035	2691	2636	3260	2541	3021	1829	1887	5402	1897	2359	1875	3724	1501	4942	2911	3502	2283	2598	2724	2295	2116	3506	1647	2010	2787	5803	1962	2764	1823	2212	2477	2605	1625	3999	3064	1532	1564	2419	2370	3367	4260	2741	2258	2049	2959	2569
Gemmatimonadetes	559	630	442	356	607	344	446	485	590	313	296	773	430	461	576	593	568	522	446	645	616	511	488	554	779	561	565	524	554	731	578	584	734	513	697	540	648	581	811	489	569	657	656	453	704	621	499	459	660	629	600	594	675	652	481	433	223	309	596	439	675	254	445	585	594	579	446	498	598	644	513	537	565	267	335	332	464	665	328	624	507	593	426	502	500	645	637	686	715	494
Ignavibacteriae	1604	2179	1811	855	2105	1111	1052	1435	1920	866	818	2677	870	1058	1403	1518	1832	1638	1377	2139	2336	1421	1435	2065	2661	1815	1566	1698	1642	2732	1581	1248	2468	1604	2256	1541	1855	1413	2173	1284	2215	2454	1603	1033	2569	2309	1600	1389	2402	2383	2040	2040	2360	2233	1550	1467	658	766	2311	1287	2353	615	1521	1692	1967	1698	1731	2014	2051	2149	1728	1752	1959	606	1061	757	1644	2127	768	2192	1862	2156	1212	943	1422	2257	2342	2726	2504	1250
Kiritimatiellaeota	65	32	57	56	38	49	40	30	47	56	38	47	49	50	33	45	56	36	32	32	39	36	30	34	46	44	46	28	44	47	78	56	60	44	46	31	32	60	48	40	54	52	44	51	38	64	27	35	30	31	31	46	42	45	33	23	7	57	50	31	51	33	36	37	54	53	56	52	26	51	34	51	39	29	22	16	28	44	36	40	47	49	28	32	82	55	44	37	32	35
Lentisphaerae	929	960	1013	869	1176	824	945	871	1008	817	670	1364	869	949	995	926	1154	991	823	977	958	893	896	976	1203	1154	1116	849	1101	1453	1179	1205	1421	819	1173	1115	1007	1057	1385	904	1128	1288	1081	1002	1112	1321	940	866	1074	1079	940	1063	1134	1058	717	871	280	1022	1134	860	1214	539	877	884	963	1073	820	1037	1072	1162	962	1072	751	539	698	618	853	998	868	973	856	973	728	880	1224	1227	1243	1340	1060	1009
Microsporidia	54	39	38	67	45	77	66	40	68	64	66	47	76	59	52	49	63	57	41	44	42	68	52	45	61	65	76	88	93	65	58	72	84	54	64	46	62	95	78	45	76	77	69	68	52	81	84	69	87	80	56	48	39	78	40	48	21	75	32	61	76	52	65	56	34	62	48	47	77	91	39	67	43	33	61	62	24	19	87	30	55	41	60	93	87	64	60	66	32	59
Mucoromycota	509	567	578	471	600	505	530	526	601	469	427	824	515	586	589	596	716	535	429	621	528	543	536	660	691	751	624	560	609	887	618	740	789	468	679	565	557	602	690	568	706	739	651	520	645	747	595	579	714	662	579	606	662	596	426	560	193	928	599	593	712	400	565	558	674	687	547	671	637	681	533	567	420	297	454	456	489	579	404	524	569	510	497	494	747	754	743	771	656	574
Nanoarchaeota	1	5	0	3	4	3	4	0	1	0	0	2	4	4	2	1	1	0	2	0	0	1	1	1	1	0	0	2	1	1	1	7	0	0	0	4	1	6	3	2	0	1	0	4	2	1	2	1	0	0	3	1	0	1	0	0	0	2	0	1	0	2	4	0	0	2	0	0	1	0	0	3	3	0	6	1	1	0	2	3	0	1	0	1	8	4	0	2	0	1
Neocallimastigomycota	306	200	243	378	268	219	419	304	231	312	256	334	314	401	314	394	345	284	270	246	376	316	296	273	285	314	391	228	282	319	387	438	354	254	287	236	276	484	362	257	286	308	357	340	300	325	389	241	343	261	208	254	270	431	262	337	119	464	239	284	279	294	329	246	254	337	208	235	312	295	202	252	392	216	275	235	178	241	303	216	227	274	224	357	422	336	283	275	309	295
Nitrospinae	124	86	96	145	65	111	92	59	94	91	131	92	138	120	106	123	81	78	59	61	101	105	114	63	62	110	140	153	133	91	146	134	102	86	104	96	84	137	118	102	130	112	152	134	96	114	111	144	150	92	92	71	104	131	103	59	56	158	66	96	123	66	77	68	99	112	51	82	63	111	52	130	108	56	61	58	32	43	85	95	65	79	104	85	207	103	64	85	103	102
Nitrospirae	1071	947	1008	1189	1060	1035	1143	895	1043	982	773	1227	1166	1082	1065	1209	1170	1092	800	1086	1038	1064	1030	995	1256	1184	1265	1350	1101	1307	1400	1390	1479	977	1081	1062	1061	1428	1494	1215	1362	1271	1360	1178	1175	1370	1079	1160	1398	1036	1032	1077	1141	1166	968	872	505	1198	988	1103	1408	673	957	894	1104	1243	821	1097	1029	1192	862	1199	1068	626	874	805	694	1053	1003	1022	946	969	1013	956	1428	1282	1101	1284	1073	1027
Phaeophyceae	54	33	59	57	45	45	37	50	60	37	65	55	63	50	51	60	42	73	33	32	47	49	37	51	46	72	74	94	54	50	56	66	86	54	64	47	52	84	79	40	87	55	57	62	39	83	61	105	106	62	41	40	55	48	53	42	64	55	53	41	113	38	25	51	37	57	42	57	39	72	33	70	37	30	36	56	25	46	74	50	36	35	60	54	63	68	33	55	22	51
Planctomycetes	2460	2677	2603	2085	2637	2082	2357	2260	2898	2033	1753	3561	2055	2375	2639	2776	2722	2613	2125	2549	2879	2433	2448	2718	3272	3034	2982	2860	2878	3364	2888	3003	3569	2249	3036	2596	2567	2796	3441	2404	3162	3536	2785	2301	3134	3483	2740	2278	3342	2924	2666	2630	2917	3037	2291	2295	1012	2256	2759	2384	3472	1557	2377	2487	2750	2880	2215	2733	2829	3245	2278	2789	2680	1400	1916	1735	1977	2753	2109	2750	2481	2809	2247	2421	2894	3366	3020	3584	3098	2528
Proteobacteria	117926	132704	163222	78577	124055	91072	100738	111959	135689	103905	81406	159827	91354	107859	109345	120621	128697	93233	117479	126476	164297	123020	98408	115003	170410	133842	122761	139987	149611	130214	139332	138158	174557	122240	142507	117826	101319	134731	146390	111534	174835	167044	139250	142407	159698	166890	117444	186973	136116	133153	108018	124325	124311	138702	134201	96587	178684	101695	138011	92262	187250	73007	94728	99065	146729	148199	119050	124786	133644	124244	111769	124085	154517	54934	76198	83124	78031	164486	83025	131407	110277	124369	91403	96551	134634	130905	132154	187592	161054	102161
Spirochaetes	7522	5667	5791	8355	7165	6570	8902	6406	6004	7599	5967	8287	8181	9998	8316	8555	8238	7243	7025	6418	5925	7512	7659	6697	7346	8191	9077	7306	8900	8525	10747	10859	9787	6315	7821	7921	7036	10042	10494	8157	7471	8757	9032	9387	6349	8585	8321	6230	8965	6625	6094	7188	6618	6807	5390	7063	2963	10247	6305	7973	7702	6208	7088	6180	6405	9559	5220	6868	7189	8720	6054	7719	5154	5349	6337	5952	4919	6472	7900	5276	5389	6740	6608	8359	10822	8401	7682	7920	6484	7030
Synergistetes	1651	1085	988	2201	1593	1467	2097	1483	1135	1886	1539	1731	2136	2366	2106	2255	1834	1625	1288	1243	1075	1818	1980	1217	1419	1831	2335	1454	2174	1701	2237	2735	2265	1424	1574	1926	1404	3029	2521	2102	1252	1571	1923	2545	1241	1576	1992	992	1739	1177	1358	1275	1322	1373	1063	1760	404	2245	1069	1864	1312	1441	1632	1377	1283	1989	824	1528	1371	1799	1298	1600	1033	1187	1645	1437	1000	1214	2102	968	973	1400	1503	2385	2498	1723	1610	1626	1278	1648
Tenericutes	1364	1369	1494	1606	1411	1170	1765	1238	1667	1310	1326	1594	1505	1651	1732	2183	1674	1678	1748	1344	1117	1416	1699	1796	1497	1425	1989	2183	1590	1452	1866	2115	1887	1674	1812	1831	1405	2250	1957	1694	1536	1673	1803	1486	1348	1723	1418	2248	1977	1596	1703	1275	1586	1477	1483	1271	430	1506	1105	1446	1448	1126	1229	1703	1232	2358	844	1351	1567	1896	1167	1728	1334	958	1217	1066	944	1716	1686	978	1144	1320	1430	1888	1797	1616	1516	1515	1600	1453
Thaumarchaeota	144	169	139	159	202	125	128	117	153	138	98	236	142	230	158	150	176	151	108	170	157	158	129	171	167	163	189	136	177	211	196	220	214	139	199	160	152	200	207	188	145	189	228	194	202	153	185	111	198	191	167	166	165	171	146	142	45	190	183	172	197	133	167	159	160	195	122	159	191	209	167	156	158	113	120	117	125	196	159	134	123	150	130	117	173	215	196	190	176	155
Thermodesulfobacteria	145	173	114	142	217	121	158	157	141	125	114	255	174	212	220	161	206	164	150	219	173	217	172	174	255	207	199	131	214	279	230	211	263	169	208	221	180	275	291	232	137	173	164	174	200	184	200	82	240	189	183	192	179	189	141	198	42	177	165	185	167	145	193	173	192	211	139	170	188	176	178	139	146	96	119	129	170	228	172	155	139	177	147	166	245	224	245	219	200	159
Thermotogae	970	761	1009	1035	898	933	979	905	775	947	741	1005	977	1047	944	928	1008	849	723	730	879	972	874	787	846	909	985	907	949	971	1420	1291	1162	772	982	865	788	1276	1225	895	1062	1064	1090	1161	863	1437	934	1126	1013	798	695	887	966	818	696	832	244	1173	926	857	1083	576	770	767	951	1106	819	755	815	1035	714	1063	876	619	766	748	571	1192	829	852	763	810	654	980	1259	970	905	1027	1003	884
unclassified	2647327	2453524	2518295	2239920	2844031	2309511	2822583	2198712	2715388	2106900	1902878	3848384	2395721	3072439	2785697	2854915	2830992	2538730	2072558	2593346	2932007	2419489	2707528	2889869	3095444	2989256	3081215	2737467	2862541	3413610	3331114	3139916	3536279	2405535	3095574	2607610	2677853	3116550	3430552	2688857	3123367	3191181	3051242	2796193	3056140	3312024	3110467	2641512	3680387	3066673	2701290	2735408	2697955	2844264	2408067	2473618	1165902	3026924	2723239	2693444	2980304	1881429	2500805	2463219	2910214	3157734	2284237	2450136	3245421	3418205	2343362	3011090	2390914	1581877	2004676	1926857	1771408	2573724	2300282	2590473	2325836	3513039	2323267	2670907	2909808	2896711	2553897	2957876	3545445	2255871
Verrucomicrobia	4583	5812	6267	2262	6669	2928	3625	4496	6165	2604	2517	8724	2793	3411	4290	4923	5786	4482	4258	45349	35914	3866	4433	6072	7814	8468	5199	3857	5106	8442	37976	3989	7699	5108	7692	4830	5334	4877	6526	3986	6201	7503	5208	3383	6904	24340	4469	3550	6726	7331	8035	63639	8440	6231	4183	4970	269150	2409	277555	8037	6718	2043	4622	5257	6565	5330	5295	6024	6359	19883	5481	4870	4936	1968	2988	2472	5092	6936	2363	7496	5435	6640	2972	3420	4561	6912	7429	8255	41857	4468
Viruses	1946	967	1073	1925	1293	1516	1923	1322	1513	1646	1933	1586	2346	1787	2118	1650	1617	1524	1242	1176	1205	1812	1795	1463	1284	1840	2062	1696	2418	1331	2496	3007	1995	1447	1365	1802	1456	2470	3311	2569	1511	1271	1970	2519	1110	1535	1757	1512	2094	1311	1160	1329	1127	1158	1021	1477	687	2231	826	1772	1456	1813	1411	1234	1025	2055	1106	1374	1180	1916	1245	1773	1006	1196	1373	1485	792	902	1843	981	1161	1038	1511	2454	2180	1596	1377	1432	1141	1688
Zoopagomycota	91	80	115	65	70	95	100	73	82	55	96	79	109	82	97	114	94	102	66	80	84	102	99	84	71	90	84	142	116	95	96	109	120	78	85	71	97	103	101	75	141	119	108	89	74	130	100	116	110	110	70	68	70	71	95	66	61	81	63	103	107	77	92	85	96	128	68	74	95	118	50	100	62	45	75	68	36	79	103	78	114	72	100	117	107	96	50	90	87	87
Candidatus Aenigmarchaeota	0	1	1	3	1	2	5	3	1	0	3	2	3	0	0	2	6	1	1	1	0	1	2	3	1	1	0	2	0	6	4	1	2	2	1	5	3	5	2	2	0	0	2	1	3	2	1	2	3	0	1	2	2	0	0	2	1	1	1	3	0	5	1	2	2	4	0	0	0	4	1	0	1	2	1	2	1	1	1	0	3	0	1	5	3	0	1	0	0	1
Candidatus Brennerbacteria	0	2	0	0	1	0	0	1	0	0	0	0	0	1	0	1	0	0	1	0	0	0	0	3	0	0	1	1	1	0	1	3	0	1	3	1	1	1	0	0	0	1	2	0	0	1	0	0	0	0	1	2	0	0	0	1	0	1	0	1	0	2	2	0	1	0	0	0	0	1	0	1	0	0	1	0	1	0	0	0	1	0	2	1	4	1	1	0	0	1
Euglenida	0	5	0	3	2	3	4	4	3	2	0	2	3	0	3	2	3	0	1	0	2	1	3	1	1	1	5	1	8	0	2	0	0	1	1	0	1	3	0	2	2	2	2	8	0	1	4	6	1	0	2	1	0	1	0	2	0	2	1	3	2	5	0	0	1	2	1	2	2	4	0	4	1	0	2	2	0	1	2	2	2	1	1	0	1	1	0	2	3	0
Xanthophyceae	0	1	0	0	1	3	0	0	1	0	1	0	2	0	0	0	1	1	0	1	0	1	0	0	0	0	0	0	0	1	2	1	1	1	1	0	1	0	0	0	1	0	0	2	0	0	0	1	0	0	0	0	0	0	1	1	1	0	0	0	0	0	0	1	0	2	0	0	1	0	0	2	0	0	0	0	1	0	1	0	0	0	0	0	0	1	0	0	0	1
Candidatus Jacksonbacteria	0	0	0	3	0	3	5	2	0	4	0	0	3	2	0	1	0	2	1	0	1	0	2	2	0	1	0	2	4	2	5	0	0	1	1	2	0	3	3	2	2	1	1	6	1	2	4	1	0	0	1	3	0	1	0	2	0	2	0	3	1	1	2	0	2	1	1	0	0	1	0	3	1	3	1	1	1	1	3	1	0	1	1	2	0	2	1	0	0	4
Pinguiophyceae	0	0	0	0	0	0	0	0	0	0	0	0	0	0	0	0	0	0	0	1	0	0	0	0	0	0	0	0	0	0	0	0	0	0	1	0	0	0	0	0	0	0	0	0	0	0	0	0	0	0	0	0	0	0	0	0	0	0	0	0	0	0	0	0	0	0	0	0	0	0	0	0	0	0	0	0	0	0	0	0	0	0	0	0	0	0	0	0	0	0
Haplosporidia	0	0	0	0	0	0	0	0	0	0	0	0	0	0	0	0	0	0	0	0	1	0	0	0	0	0	0	0	0	0	0	0	0	0	0	0	0	0	0	0	0	0	0	0	0	0	0	0	0	0	0	0	0	0	0	0	0	0	1	0	0	0	0	0	0	0	0	0	0	0	0	0	0	0	0	0	0	0	0	0	0	0	0	0	0	0	0	0	0	0
Candidatus Veblenbacteria	0	0	0	0	0	0	0	0	0	0	0	0	0	0	0	0	0	0	0	0	0	0	0	1	1	0	0	0	0	0	0	0	0	0	0	0	0	0	1	0	0	0	0	0	0	1	0	0	0	0	0	0	0	0	0	0	0	0	0	0	0	0	0	0	0	0	0	0	0	0	0	1	0	0	0	0	0	0	0	1	0	0	0	0	0	0	0	1	0	0
Colponemidia	0	0	0	0	0	0	0	0	0	0	0	0	0	0	0	0	0	0	0	0	0	0	0	0	0	0	0	0	0	0	0	0	0	0	0	0	0	0	0	0	0	0	0	0	1	0	0	0	0	0	0	0	0	0	1	0	0	0	0	0	0	0	0	0	0	0	0	1	0	1	0	0	0	0	0	0	0	0	0	0	0	0	0	0	0	0	0	0	0	1
